[gd_scene format=3 uid="uid://uy78l3pa3ptd"]

[ext_resource type="PackedScene" uid="uid://ciynyem7e1q3d" path="res://models/platforms/crate-item.glb" id="2_kgxx2"]
[ext_resource type="PackedScene" uid="uid://u6ati1aisfm6" path="res://models/platforms/arrows.glb" id="3_748q2"]

[sub_resource type="Gradient" id="Gradient_y1mn7"]
colors = PackedColorArray(0.45731997, 0.47055882, 0.8940955, 1, 2.695322e-06, 0.7259181, 0.8841229, 1)

[sub_resource type="GradientTexture2D" id="GradientTexture2D_1gste"]
gradient = SubResource("Gradient_y1mn7")
fill_from = Vector2(0, 1)
fill_to = Vector2(0, 0)

[sub_resource type="StandardMaterial3D" id="StandardMaterial3D_y1mn7"]
cull_mode = 1
albedo_texture = SubResource("GradientTexture2D_1gste")
backlight_enabled = true
backlight = Color(1, 1, 1, 1)

[sub_resource type="SphereMesh" id="SphereMesh_1gste"]
material = SubResource("StandardMaterial3D_y1mn7")
radius = 10.0
height = 20.0

[node name="Background" type="Node3D" unique_id=1708424920]

[node name="MeshInstance3D" type="MeshInstance3D" parent="." unique_id=899996856]
cast_shadow = 0
mesh = SubResource("SphereMesh_1gste")

[node name="Crate1" parent="." unique_id=789028826 instance=ExtResource("2_kgxx2")]
transform = Transform3D(0.81915206, 0, 0.57357645, 0, 1, 0, -0.57357645, 0, 0.81915206, -1.4, -2.4, -1.3)

[node name="Crate2" parent="." unique_id=432908394 instance=ExtResource("2_kgxx2")]
transform = Transform3D(0.81915206, 0, 0.57357645, 0, 1, 0, -0.57357645, 0, 0.81915206, -0.79999995, -2.4, -1.3)

[node name="Crate3" parent="." unique_id=1455838659 instance=ExtResource("2_kgxx2")]
transform = Transform3D(0.49999997, 0, 0.86602545, 0, 1, 0, -0.86602545, 0, 0.49999997, -1.0999999, -1.9, -1.3)

[node name="Crate4" parent="." unique_id=1087394966 instance=ExtResource("2_kgxx2")]
transform = Transform3D(0.9396926, 0, 0.34202012, 0, 1, 0, -0.34202012, 0, 0.9396926, -2.8, -2.4, -1.3)

[node name="Arrows" parent="." unique_id=845888087 instance=ExtResource("3_748q2")]
transform = Transform3D(0.8513532, 0.15897736, -0.49992386, -0.17362173, 0.98465776, 0.017452406, 0.49502844, 0.07193948, 0.8658935, 1.156, -2.4, -1.3)
